[slider3.jpg]
filters=finetune2=1,0.000000,0.000000,0.141176,00788088,0.000000;
moddate=2c46ce19602ad501
width=1087
height=720
textactive=0
